"cam.eye" = 528.163 : 44040a72 -248.649 : c378a61c -121.358 : c2f2b734
"cam.focus" = 527.229 : 4403cea7 -248.325 : c378532e -121.209 : c2f26ad9
"cam.up" = 0.138964 : 3e0e4c9e -0.0544357 : bd5ef802 0.9888 : 3f7d2203
"lighting.sundir" = 0 : 0 0 : 0 1 : 3f800000
"lighting.suncolor" = 1 : 3f800000 1 : 3f800000 1 : 3f800000
