"cam.eye" = 685.612 : 442b6728 -262.432 : c3833745 185.112 : 43391c97
"cam.focus" = 684.706 : 442b2d33 -262.085 : c3830ae7 184.867 : 4338ddff
"cam.up" = -0.228345 : be69d339 0.0874036 : 3db300a8 0.969649 : 3f783aec
"cam.orbitFocus" = 0 : 0 0 : 0 0 : 0
"cam.orbitStart" = 158.286 : 431e4933 2.43879 : 401c1528 30.9172 : 41f75660
"cam.orbitRate" = 0.217453 : 3e5eac0e
"cam.orbitLength" = 617.1 : 441a4666
"lighting.sundir" = 0.886542 : 3f62f463 -0.268467 : be897488 0.376743 : 3ec0e475
"lighting.suncolor" = 0.95 : 3f733333 0.9 : 3f666666 0.85 : 3f599999
