"cam.eye" = 967.656 : 4471e9fb -402.111 : c3c90e38 -17.8361 : c18eb066
"cam.focus" = 966.711 : 4471ad89 -401.783 : c3c8e431 -17.8241 : c18e97b1
"cam.up" = 0.00947629 : 3c1b4270 -0.00947847 : bc1b4b95 0.99991 : 3f7ffa1d
"cam.orbitFocus" = 0 : 0 0 : 0 0 : 0
"cam.orbitStart" = 158.286 : 431e4933 2.43879 : 401c1528 29.9172 : 41ef5664
"cam.orbitRate" = -0.282547 : be90a9f3
"cam.orbitLength" = 757.1 : 443d4666
"lighting.sundir" = 0.436965 : 3edfb9d1 -0.268467 : be897488 0.85846 : 3f5bc408
"lighting.suncolor" = 0.95 : 3f733333 0.9 : 3f666666 0.85 : 3f599999
