"cam.eye" = -260.976 : c3827ce7 -126.6 : c2fd332c -82.9979 : c2a5feeb
"cam.focus" = -260.076 : c38209ba -126.168 : c2fc55d0 -82.9396 : c2a5e112
"cam.up" = -0.0468262 : bd3fcccc -0.0371342 : bd181a12 0.998213 : 3f7f8add
"cam.orbitFocus" = 0 : 0 0 : 0 0 : 0
"cam.orbitStart" = 138.299 : 430a4c8d -77.0309 : c29a0fd2 40.9172 : 4223ab30
"cam.orbitRate" = 0.017453 : 3c8ef988
"cam.orbitLength" = 619.1 : 441ac666
"lighting.sundir" = 0.842214 : 3f579b53 0.109994 : 3de144c2 0.527771 : 3f071c07
"lighting.suncolor" = 0.95 : 3f733333 0.9 : 3f666666 0.85 : 3f599999
